1000126
1000126
1014676
1014678
1043400
1049221
1049221
1049630
1049635
105078
105585
106258
106892
1091392
1094107
1100184
1114085
1116758
1190795
1234995
1359133
1363309
1367439
141918
1534809
1599803
1601380
1605257
1650142
1652673
1657981
1659149
1659149
1659263
1660014
1719286
1729584
1732136
1732186
1734340
1734919
1735006
1736776
1736854
1737449
1740467
1790099
1803932
1804799
1807513
1808217
1856546
1860154
1860480
1870230
1873983
1946840
197319
197361
197378
197541
197591
197604
198014
198031
198240
198405
198440
198767
199224
200064
2001499
2047241
204892
205532
205923
2103182
2119714
2123111
2284960
235389
241834
242969
243670
245314
259255
308182
308192
308460
308971
309043
309045
309097
309362
310325
310385
310436
310798
310965
311372
311700
311989
311995
312617
312938
312961
313002
313185
313782
313820
313988
314231
389221
429503
477045
483438
542347
562251
562366
583214
583214
596926
597195
608139
665078
705129
727711
727762
746030
748856
748879
748962
749762
749785
749882
751905
752899
757594
807283
831533
833036
833135
834061
834102
834357
849574
854228
854235
854252
855332
856980
856987
857005
860975
861467
865098
866414
895994
896209
897122
897718
904419
966222
978950
979092
993452
996740
997223
997488
997501
999967
999998
999999
999999
999999
999999
